0	546.243	202.935	432.763	213.71	420.237	549.677	266.209	313.138	50.1054	272.876	383.786	208.044	231.858	329.215	102.123	263.091	389.446	279.196	214.861	221.376	22.1909	385.279	280.877	286.235	336.187	311.861	449.751	430.839	361.026	437.384	342.419	487.565	435.352	183.078	262.13	110.306	258.483	302.575	418.8	131.175	344.381	380.442	398.936	334.428	162.007	425.044	350.003	474.09	485.524	421.093	504.266	421.608	467.995	358.459	319.42	420.767	230.565	348.026	447.78	211.819	321.513	428.791	385.528	384.364	414.106	186.002	93.2458	194.899	494.395	441.705	32.6515	81.2795	119.181	308.018	426.799	225.977	419.66	453.46	461.047	610.954	89.5023	516.617	138.309	210.693	134.922	241.113	369.767	312.438	266.244	454.641	133.893	366.168	327.721	473.469	391.857	398.532	441.879	429.174	119.249	489.762	480.952	109.474	206.166	210.685	245.373	146.962	367.234	600.707	426.115	167.563	350.16	401.587	189.406	154.237	425.157	482.673	465.525	343.777	268.559	314.977	244.796	318.781	455.508	348.825	325.657	105.055	404.496	430.15	485.89	178.236	327.953	489.359	328.578	459.332	275.167	111.212	398.594	270.834	479.672	461.471	542.359	504.045	351.781	158.417	379.608	461.089	313.206	304.072	352.588
546.243	0	407.753	184.231	332.775	145.885	64.8439	280.566	314.468	520.212	432.403	169.06	339.288	413.426	426.886	452.895	299.946	291.963	276.154	351.998	351.327	536.41	298.234	347.162	314.291	378.315	375.392	190.998	221.86	350.157	423.426	346.98	86.6652	114.574	511.272	287.132	621.882	288.012	249.009	273.53	435.21	256.442	240.505	250.113	451.519	390.433	254.649	256.556	74.7196	163.146	130.087	198.62	421.814	392.811	389.111	332.329	246.408	354.504	260.042	154.544	410.374	312.936	197.134	268.892	202.3	389.45	369.089	606.876	368.977	52.5318	409.841	534.392	474.2	448.386	328.704	259.922	370.814	193.363	145.547	153.668	64.7549	529.346	30.0673	410.62	452.432	411.324	305.136	429.373	284.324	471.305	115.556	495.122	218.646	345.804	178.323	221.535	169.03	425.272	156.525	432.965	144.294	65.5181	550.615	412.814	336.118	399.625	405.582	267.259	55.0807	224.841	378.964	349.38	273.42	473.913	449.726	129.192	93.1622	165.936	237.259	444.799	253.427	399.268	279.19	189.85	267.514	412.109	460.082	326.507	254.023	60.8118	493.033	248.437	57.2647	323.133	403.873	354.768	527.374	172.055	389.279	340.052	90.2141	34.2722	143.817	378.688	506.413	364.534	150.416	311.98	403.493	194.206
202.935	407.753	0	360.025	145.294	264.105	392.097	156.925	117.112	155.997	87.5363	277.965	120.141	36.1643	386.602	109.362	111.978	190.211	211.349	204.528	215.186	208.398	185.356	81.1002	99.0885	134.814	109.735	382.091	377.254	158.109	241.187	139.52	331.925	315.19	104.203	185.753	232.039	154.7	217.135	390.662	77.4948	298.399	331.904	358.218	152.445	164.047	387.556	166.407	346.729	306.254	305.215	316.27	225.831	267.124	158.698	118.405	379.133	233.633	305.757	276.85	265.331	311.708	362.375	354.344	311.103	213.887	82.8905	220.887	194.442	356.009	243.343	174.945	182.731	86.2049	307.587	230.768	245.017	241.472	284.424	376.462	469.022	140.573	381.373	105.447	52.9553	129.489	152.117	422.467	130.014	105.845	348.295	93.9822	195.201	339.577	291.492	210.207	305.338	245.778	263.002	165.69	402.927	348.16	153.031	8.58075	125.654	292.022	91.3881	175.516	457.48	373.787	118.761	363.725	204.674	67.4752	239.949	278.561	372.208	387.085	281.649	343.699	251.691	291.16	282.823	387.605	161.025	130.894	99.4792	201.84	234.971	353.432	85.5006	160.434	356.36	128.37	259.726	74.3283	130.226	308.03	69.2481	276.753	339.389	393.724	328.141	381.178	99.2147	399.138	288.703	117.977	351.272	238.066
432.763	184.231	360.025	0	233.062	192.038	233.675	203.257	315.57	421.362	418.989	94.0695	251.715	381.121	244.956	358.951	252.47	337.648	159.059	218.406	213.112	417.505	341.52	333.347	296.536	394.823	380.316	22.8036	40.4015	379.567	478.105	367.116	200.617	104.178	459.571	182.182	528.163	206.325	144.481	91.1432	353.36	92.0968	62.6424	66.1205	461.984	271.323	72.9997	272.405	125.118	273.748	96.8011	316.093	470.524	464.352	415.151	339.439	63.5635	208.324	91.4816	235.764	253.682	139.489	13.1068	85.4584	50.3524	439.443	291.253	511.235	238.264	158.02	468.282	430.737	352.548	364.376	156.55	327.799	219.801	254.705	231.017	34.4636	236.551	444.414	160.303	315.766	412.58	306.148	213.801	245.242	277.477	453.282	73.4117	425.71	236.399	166.552	279.637	264.118	61.5569	481.419	219.374	313.54	60.2183	139.936	470.896	367.659	246.587	234.336	317.096	297.998	231.564	42.1288	281.126	166.735	326.261	425.655	304.335	167.716	91.0797	33.1396	89.132	270.633	119.173	234.2	118.864	27.8693	284.998	422.255	372.023	378.55	324.111	140.726	440.312	239.856	143.219	334.814	470.218	338.738	449.804	57.0416	374.398	424.678	109.986	206.074	268.839	195.388	446.048	180.303	243.104	312.704	225.041	131.089
213.71	332.775	145.294	233.062	0	214.271	340.154	56.0641	172.776	192.383	225.508	171.093	25.4637	176.504	249.368	127.115	86.1768	240.617	74.2247	66.3956	76.1048	203.708	239.616	163.175	139.685	239.693	215.947	253.234	242.255	244.846	347.714	225.468	278.722	221.742	233.128	51.3802	298.303	47.64	91.7041	248.656	120.559	158.097	193.679	218.451	284.993	63.2671	247.678	177.257	260.379	291.949	207.677	319.716	334.576	357.723	265.546	192.761	240.199	94.3614	164.7	249.338	141.343	166.419	232.354	212.152	182.726	312.137	63.9102	281.934	65.7566	281.221	344.515	204.432	142.817	131.327	162.612	263.66	109.699	230.009	253.265	256.622	397.524	211.696	303.045	83.4243	196.871	78.9729	28.3482	282.418	148.254	250.361	243.112	193.999	175.96	195.063	283.466	209.35	189.225	352.12	228.531	102.173	285.064	267.377	237.87	153.848	20.2467	159.711	84.0459	203.952	387.436	238.222	48.9126	218.958	243.978	203.037	144.417	215.079	270.707	263.935	146.484	216.432	115.356	158.863	139.474	259.014	182.6	252.771	139.174	272.328	264.631	272.278	214.319	141.758	275.762	195.996	355.762	163.712	216.764	190.15	189.232	345.033	247.878	330.397	306.453	237.91	216.529	254.4	262.943	170.965	213.226	138.882
420.237	145.885	264.105	192.038	214.271	0	130.55	158.224	169.028	388.237	286.908	108.753	213.287	267.866	383.86	321.476	161.207	158.578	181.263	253.86	257.07	413.713	163.946	201.277	168.73	236.921	231.451	211.997	229.989	211.987	298.596	205.795	68.6773	92.0583	366.725	180.547	485.49	166.632	154.073	273.943	299.799	209.898	216.279	239.06	309.951	277.048	258.979	111.605	101.012	91.3297	95.557	130.889	293.798	277.846	250.803	187.947	248.387	266.765	217.14	47.006	326.166	264.066	202.901	250.977	171.038	261.378	235.867	471.44	266.25	97.016	286.871	404.043	356.086	313.21	275.062	138.938	285.365	64.148	45.7891	183.433	205.183	391.936	122.733	281.959	307.145	287.813	186.105	399.965	138.503	325.711	133.036	354.093	72.8614	302.871	91.8121	82.6261	136.159	301.293	27.5605	316.135	197.783	95.5343	411.177	268.653	211.505	326.732	274.367	126.416	193.536	229.949	254.207	316.299	143.055	329.313	350.932	25.872	142.88	199.172	182.671	381.285	180.011	326.126	221.3	214.946	123.201	269.836	325.953	197.765	134.514	100.325	348.816	103.714	102.253	179.342	285.637	208.884	387.799	141.437	243.478	234.161	103.133	129.619	97.7027	345.813	363.261	343.225	58.1655	166.474	352.314	98.6864
549.677	64.8439	392.097	233.675	340.154	130.55	0	284.836	287.81	518.645	403.987	194.248	341.869	392.186	468.523	451.738	291.73	251.566	294.518	370.591	371.749	542.276	258.206	323.306	294.268	342.502	343.528	244.363	273.331	311.569	374.376	311.619	62.1754	143.446	492.946	300.24	615.923	292.997	266.369	324.756	430.348	292.914	283.548	297.46	414.723	401.484	306.324	230.218	109.884	111.546	158.319	140.785	374.487	340.005	349.761	302.281	297.198	377.94	297.895	118.802	436.228	350.486	246.779	314.919	240.979	342.775	366.203	601.956	385.557	76.6805	360.12	534.272	482.941	443.759	364.992	214.318	395.54	158.289	110.174	207.004	90.1368	522.309	75.7128	411.623	432.086	416.118	311.814	475.297	263.203	442.963	160.605	483.519	197.011	386.123	128.541	189.596	204.252	375.767	129.336	442.283	202.823	95.4403	541.086	396.018	339.627	430.053	404.503	234.266	78.5154	275.64	382.699	392.922	231.972	455.64	469.209	125.093	145.304	220.987	270.032	479.475	279.932	429.591	312.541	244.183	239.333	376.856	456.476	281.88	208.122	93.6282	475.641	232.243	90.8148	292.155	352.16	331.18	517.705	208.385	363.323	285.287	126.297	31.2607	88.6568	422.827	491.249	411.864	109.951	285.653	442.056	208.057
266.209	280.566	156.925	203.257	56.0641	158.224	284.836	0	142.603	240.07	222.916	126.669	58.7552	180.256	275.938	172.926	57.2578	200.24	62.7531	106.687	113.393	257.707	200.458	145.086	112.824	218.492	197.786	225.209	220.907	216.07	320.99	198.268	223.146	172.835	256.767	41.1442	343.606	8.47013	60.7302	238.699	158.567	146.479	177.419	204.437	274.935	119.114	233.485	131.814	209.984	236.898	159.951	266.219	309.335	324.29	243.113	165.649	224.482	128.557	154.461	193.747	184.286	173.827	205.45	203.275	154.179	283.44	92.4923	327.979	113.908	228.429	315.64	253.878	198.273	171.137	175.593	217.227	146.782	176.42	197.444	221.332	345.145	253.08	251.237	130.145	209.689	131.64	28.1704	304.161	110.257	254.124	199.293	226.555	123.505	209.004	229.149	158.407	150.671	325.158	172.739	157.995	248.667	215.675	276.976	164.708	55.5952	195.49	126.037	160.475	334.727	217.622	98.649	230.694	200.264	222.437	197.204	159.771	225.654	231.106	126.477	253.321	98.3051	194.708	136.471	230.748	139.561	238.326	181.632	235.932	217.397	220.731	237.489	92.9859	224.132	165.983	324.439	148.278	254.495	152.823	180.703	304.696	198.814	276.227	250.769	254.486	244.561	265.21	207.335	140.209	240.092	89.6762
313.138	314.468	117.112	315.57	172.776	169.028	287.81	142.603	0	269.39	117.938	222.461	152.325	106.742	417.092	212.454	88.3332	76.7854	204.614	238.465	247.431	314.778	73.3567	37.3478	33.3311	79.7177	65.5946	338.336	343.365	73.5591	178.404	55.8032	231.588	242.499	208.504	183.629	348.996	146.896	194.62	371.336	182.018	282.304	307.893	335.244	147.377	223.673	362.739	58.1193	265.235	192.638	237.179	199.499	166.797	184.96	102.28	24.2051	352.734	264.835	290.636	169.226	314.053	315.911	321.891	338.025	273.748	141.12	142.057	337.999	238.121	265.949	173.453	287.937	274.847	194.022	318.184	114.311	281.529	130.757	177.681	321.947	371.149	257.605	291.712	188.881	146.643	207.347	158.874	446.491	38.1082	156.847	281.762	210.592	96.2805	351.578	176.921	98.8626	254.502	182.594	159.856	245.203	344.19	262.653	269.601	117.987	155.388	331.57	175.512	58.974	359.249	341.16	180.152	373.027	88.6197	172.086	309.094	189.654	300.272	335.564	258.11	388.837	234.905	330.738	276.754	343.057	48.5177	107.12	208.183	100.892	118.204	267.721	192.723	76.5448	270.031	23.5408	183.446	45.1392	247.081	258.685	75.5608	176.057	262.445	294.746	215.679	397.089	211.178	407.243	179.517	2.87329	380.986	184.532
50.1054	520.212	155.997	421.362	192.383	388.237	518.645	240.07	269.39	0	223.004	363.202	181.39	183.168	347.817	67.3324	227.946	344.878	263.479	208.819	217.106	63.9038	340.388	235.661	244.455	287.669	263.732	439.949	424.098	313.552	387.693	295.344	456.504	412.439	134.711	243.275	106.803	233.055	283.918	418.073	90.1379	337.051	373.657	394.596	284.328	152.157	422.144	310.09	450.032	448.007	398.948	464.173	371.9	419.049	309.447	273.849	416.743	229.641	341.746	412.291	223.819	322.398	418.851	383.189	371.639	365.069	152.461	89.9344	189.411	467.837	392.272	19.0102	89.321	76.9605	310.751	383.636	229.131	381.944	418.532	447.309	584.559	44.6432	491.114	110.108	160.696	115.321	217.69	388.233	272.255	216.234	435.452	84.0299	329.67	334.417	435.085	352.93	381.358	392.172	394.741	114.678	475.964	455.634	70.7566	158.485	185.032	257.616	114.725	325.223	573.893	419.576	143.647	358.055	358.003	139.326	171.066	395.597	462.931	453.378	332.457	289.837	302.21	256.925	312.93	445.761	307.778	276.082	63.1791	357.811	387.314	460.721	128.651	291.557	464.099	283.409	410.09	229.515	65.4163	382.056	222.683	432.419	438.53	513.649	467.618	363.791	109.599	389.868	425.327	269.702	319.163	329.062
272.876	432.403	87.5363	418.989	225.508	286.908	403.987	222.916	117.938	223.004	0	329.478	200.083	51.5224	471.853	191.09	167.789	164.299	283.406	288.423	298.948	282.657	157.798	88.0516	124.681	77.1666	63.3276	441.693	441.685	110.989	164.923	100.154	349.117	356.492	113.655	258.406	271.832	223.219	283.077	461.602	160.73	369.261	400.117	427.257	65.3822	251.133	456.182	175.918	381.756	303.107	349.54	301.135	149.104	199.511	91.8871	101.73	446.977	317.519	377.139	285.199	352.248	389.927	423.407	426.028	372.878	145.724	167.137	265.377	279.96	383.734	170.432	241.602	266.576	166.399	387.622	208.438	330.092	245.776	293.916	430.074	488.638	193.705	409.517	192.824	62.5936	216.954	226.025	506.745	150.731	39.0299	394.154	142.514	214.078	420.401	286.259	214.413	360.023	169.36	277.327	252.685	454.281	379.892	193.857	79.8512	205.274	378.046	178.874	170.075	476.707	438.764	205.235	444.073	183.337	87.44	327.313	306.995	414.603	442.529	349.103	430.646	321.182	377.182	357.128	446.855	165.444	54.5953	177.65	157.512	214.076	385.013	105.291	189.668	387.422	112.049	189.057	81.4853	175.949	363.581	45.1572	223.383	377.87	412.258	327.157	463.399	127.914	479.483	294.488	120.449	436.169	289.629
383.786	169.06	277.965	94.0695	171.093	108.753	194.248	126.669	222.461	363.202	329.478	0	183.16	295.097	280.352	296.98	166.733	244.307	107.669	183.032	182.274	372.096	247.97	242.451	205.455	301.316	287.652	116.577	126.911	285.511	384.32	273.252	142.401	54.4949	380.731	121.68	468.406	132.243	81.6235	166.688	284.92	103.652	107.567	131.05	369.496	224.177	153.003	178.347	94.3476	198.454	38.9904	239.241	376.551	371.942	321.268	246.122	142.365	185.991	110.222	155.543	243.082	160.235	102.096	142.267	62.6664	345.603	219.129	452.343	200.357	122.046	374.737	375.524	308.471	297.252	173.269	237.338	202.848	166.795	153.015	100.596	232.925	379.152	139.074	253.362	329.215	249.837	145.694	293.353	184.491	365.143	72.7258	353.051	142.841	198.079	200.459	172.229	32.5166	387.69	136.005	267.302	125.495	104.825	403.5	284.967	178.927	235.806	251.177	204.209	224.018	125.915	219.571	209.429	233.773	345.113	280.678	89.1221	99.7542	113.412	77.8709	285.887	85.9531	235.346	119.654	121.019	190.93	329.477	307.128	285.217	234.152	108.905	361.518	146.269	112.464	241.144	377.248	248.327	381.116	37.2295	284.456	334.639	79.5553	175.458	199.875	239.293	370.115	234.997	165.602	219.588	251.102	40.1924
208.044	339.288	120.141	251.715	25.4637	213.287	341.869	58.7552	152.325	181.39	200.083	183.16	0	151.052	273.943	114.381	69.4374	223.034	94.8482	90.2355	100.348	200.517	221.509	139.821	118.998	216.249	192.096	272.556	263.402	223.126	324.975	203.486	279.856	231.159	210.464	69.9797	285.498	51.6791	107.799	272.199	102.488	180.796	215.733	241.124	259.882	73.5994	270.45	163.218	268.645	285.699	217.902	310.795	311.545	336.776	242.204	171.104	262.631	118.815	187.72	244.699	162.558	191.626	251.917	235.72	201.438	290.011	40.358	269.669	86.4879	287.094	322.312	195.126	143.689	114.386	188.047	249.042	133.312	221.848	249.427	273.401	403.832	196.119	309.989	71.3929	172.066	74.5297	38.2443	307.465	131.287	224.976	255.845	173.995	167.233	220.527	275.931	198.639	204.281	329.423	224.741	105.386	301.494	274.43	221.079	128.672	5.56959	183.03	68.0214	188.338	393.36	259.536	40.9231	244.41	227.99	179.287	158.678	217.146	282.798	281.68	167.185	239.033	136.216	182.173	163.427	278.286	167.131	228.189	123.968	252.839	250.517	279.485	191.455	130.818	282.887	175.128	334.186	139.859	199.186	205.737	164.255	326.719	257.217	334.37	301.804	263.318	195.039	279.852	258.27	150.734	237.874	147.799
231.858	413.426	36.1643	381.121	176.504	267.866	392.186	180.256	106.742	183.168	51.5224	295.097	151.052	0	421.049	143.143	128.867	172.381	238.353	238.066	248.659	239.279	166.774	69.6215	99.1512	104.506	81.0052	403.562	401.028	131.836	207.521	114.995	333.88	327.787	101.774	212.93	247.734	179.376	240.984	417.646	111.806	325.128	357.404	384.196	116.281	199.646	413.396	162.332	356.668	299.38	319.144	304.638	191.964	236.15	126.696	100.776	404.572	267.2	332.771	274.469	300.814	342.257	384.468	381.627	333.368	182.325	116.366	238.532	228.967	362.746	210.634	202.152	217.684	119.037	339.094	215.198	279.301	236.882	282.619	395.085	472.784	160.867	388.443	141.609	40.0322	165.649	179.748	456.367	129.598	74.513	363.187	110.339	196.089	371.543	283.604	204.998	324.153	212.09	263.022	201.786	420.592	356.629	167.795	28.9725	156.405	326.912	127.546	165.341	461.029	397.816	153.878	395.461	188.952	65.5126	276.113	284.999	385.626	406.606	306.602	379.211	277.552	326.049	311.27	408.925	154.531	96.1667	131.427	177.665	220.031	361.867	86.2187	165.226	364.58	111.605	227.773	61.7217	146.664	327.274	40.3781	250.511	350.847	396.669	322.366	413.929	105.737	430.903	285.37	108.403	385.501	254.905
329.215	426.886	386.602	244.956	249.368	383.86	468.523	275.938	417.092	347.817	471.853	280.352	273.943	421.049	0	314.924	328.882	475.262	218.339	183.898	173.617	307.483	475.906	412.053	385.316	488.429	465.116	245.257	213.371	490.559	594.933	471.924	422.083	325.65	451.109	234.987	439.516	270.68	238.648	167.96	331.811	176.986	186.415	179.385	533.42	224.867	185.39	405.102	359.318	475.187	311.552	513.669	582.416	600.213	514.084	438.997	189.811	155.128	171.178	430.394	126.855	120.223	232.897	159.624	227.544	558.174	304.747	422.429	192.166	392.11	590.535	345.979	258.496	335.038	108.94	486.901	141.766	430.307	429.611	278.651	481.466	388.454	400.453	289.104	433.048	265.99	258.394	40.5832	386.186	491.975	311.6	399.631	386.596	82.5822	474.197	422.55	264.522	599.233	409.048	241.797	299.052	373.336	416.976	395.039	269.27	95.5929	300.548	434.426	476.204	209.145	268.038	78.3145	473.262	430.828	176.973	368.187	334.429	271.152	202.624	62.1164	204.939	96.4307	162.561	248.737	414.172	502.091	333.116	511.799	485.898	375.699	435.194	365.013	378.828	440.631	600.082	412.95	404.448	260.223	438.107	578.885	342.675	444.387	479.286	51.8209	428.236	78.0013	442.026	414.891	36.2091	286.019
102.123	452.895	109.362	358.951	127.115	321.476	451.738	172.926	212.454	67.3324	191.09	296.98	114.381	143.143	314.924	0	162.088	289.144	200.03	154.207	163.762	102.33	285.305	181.975	184.528	243.989	218.671	378.368	364.609	265.37	350.34	246.031	389.572	345.54	137.058	178.45	171.449	166.053	218.792	363.248	32.0003	278.035	314.6	337.128	256.157	97.8738	365.512	247.88	382.909	383.843	332.23	402.145	334.888	376.198	268.058	220.635	359.293	178.977	283.446	346.885	188.075	270.49	357.318	327.439	308.803	323.169	85.633	155.389	136.456	400.51	352.699	82.5697	75.8527	24.8689	260.889	325.413	182.756	317.881	352.856	383.53	517.228	85.9723	423.829	43.7367	134.625	55.4594	151.286	354.166	210.335	196.061	369.478	84.7069	264.748	287.988	371.553	289.809	316.297	354.924	328.821	73.502	412.047	388.373	113.708	114.707	118.236	220.171	47.4137	265.446	506.561	360.265	78.2438	312.354	300.492	123.061	146.787	328.388	396.729	390.389	270.792	262.515	239.994	219.378	255.405	384.178	246.81	239.304	18.2179	306.88	328.6	393.47	122.694	226.522	396.84	229.206	369.045	176.961	95.158	317.263	178.564	382.771	371.596	446.396	402.769	322.487	113.455	346.076	360.075	212.338	282.715	262.177
263.091	299.946	111.978	252.47	86.1768	161.207	291.73	57.2578	88.3332	227.946	167.789	166.733	69.4374	128.867	328.882	162.088	0	154.517	119.941	150.722	159.413	259.252	153.441	87.8303	56.6092	161.74	140.596	275.008	273.938	161.687	266.143	143.105	229.852	203.389	215.881	97.0301	324.331	59.944	115.742	294.831	138.754	203.062	232.696	259.961	217.887	143.037	288.703	94.0436	235.919	222.751	193.241	244.492	253.927	272.844	186.706	110.201	279.367	176.621	211.155	184.822	227.243	230.676	256.224	259.801	205.387	229.306	77.1151	310.233	151.931	247.595	261.682	244.402	208.134	152.177	231.656	179.617	193.55	157.273	190.775	266.329	362.798	230.873	272.451	125.981	162.525	137.648	70.5504	358.845	62.2391	200.933	236.391	195.21	103.203	265.11	211.431	131.516	195.325	270.414	166.826	172.43	292.134	238.322	250.95	118.594	71.1209	243.515	116.144	118.926	351.584	270.985	105.466	287.255	158.676	179.444	227.975	171.539	260.243	277.743	181.706	300.972	154.822	242.689	193.728	280.312	97.6973	181.071	165.174	186.436	181.158	243.586	196.897	65.1126	246.658	111.862	271.737	91.1689	227.636	198.41	124.466	258.858	227.885	289.197	240.954	310.285	207.947	321.995	198.06	86.2395	292.745	126.612
389.446	291.963	190.211	337.648	240.617	158.578	251.566	200.24	76.7854	344.878	164.299	244.307	223.034	172.381	475.262	289.144	154.517	0	257.401	303.873	311.868	391.474	6.78135	109.332	107.513	93.0534	100.991	359.585	371.018	60.2442	141.205	64.4426	205.304	247.52	270.958	240.596	419.709	206.443	240.886	406.636	258.486	324.121	343.635	370.082	163.547	296.099	395.149	71.0683	259.4	143.399	247.016	136.917	135.409	129.079	98.2062	72.1657	384.644	328.115	332.445	137.431	381.143	366.026	346.343	376.559	303.545	103.196	217.6	409.777	306.321	250.471	130.713	363.589	351.197	270.265	371.092	44.1526	345.859	99.1172	146.45	336.2	340.45	330.315	274.877	265.233	209.962	282.949	221.991	501.31	92.3697	201.378	288.901	281.435	101.492	403.774	125.98	76.2562	276.567	144.261	138.329	320.43	353.841	252.689	339.792	189.617	225.284	395.263	252.051	41.8227	328.515	369.741	254.389	423.229	19.9213	236.91	381.55	183.893	301.21	351.311	297.558	453.071	279.975	394.465	324.101	363.491	61.1145	127.192	284.4	40.9141	49.7946	257.119	257.509	111.015	258.556	61.8654	133.147	115.883	318.047	281.467	133.799	104.715	261.49	265.94	167.87	449.56	277.941	455.79	142.906	77.1399	439.72	212.96
279.196	276.154	211.349	159.059	74.2247	181.263	294.518	62.7531	204.614	263.479	283.406	107.669	94.8482	238.353	218.339	200.03	119.941	257.401	0	76.3264	77.2986	266.21	258.363	207.715	175.488	281.193	260.521	179.03	168.584	277.796	382.734	260.402	236.437	161.769	305.252	25.5967	370.118	60.6122	28.1718	179.447	194.777	87.0556	121.095	146.982	337.155	117.732	176.341	186.887	201.632	269.521	146.5	304.194	371.401	383.917	305.695	227.978	168.185	85.5275	94.5085	224.353	144.926	111.311	158.132	143.298	108.808	344.849	135.175	353.404	92.8242	227.22	376.875	273.959	201.89	205.5	114.196	268.877	104.102	216.695	225.758	183.84	340.369	285.362	246.091	156.724	264.191	148.205	59.2502	244.043	170.63	312.816	175.991	267.977	169.366	147.372	265.22	205.457	119.344	386.837	202.434	161.011	212.486	211.1	311.874	219.621	89.4288	147.218	158.232	216.269	331.22	164.693	122.073	168.427	254.933	273.443	174.896	173.64	204.227	190.361	72.4535	203.735	41.39	146.546	74.0303	184.816	196.295	300.933	212.965	294.864	268.107	215.514	286.193	146.757	219.082	227.804	384.876	210.69	290.935	119.438	242.283	360.616	187.197	279.547	278.82	193.105	289.783	202.68	237.306	202.131	183.304	86.662
214.861	351.998	204.528	218.406	66.3956	253.86	370.591	106.687	238.465	208.819	288.423	183.032	90.2355	238.066	183.898	154.207	150.722	303.873	76.3264	0	10.6862	199.122	303.355	229.526	205.602	306.044	282.16	234.931	216.409	310.98	414.087	291.706	311.874	237.447	280.606	73.6254	314.697	99.1963	104.325	209.73	160.74	129.618	165.906	185.877	349.543	57.0237	213.328	237.564	277.336	339.066	222.016	370.912	400.971	423.376	331.918	258.925	207.993	29.1353	133.619	294.528	77.7199	116.38	214.013	174.471	171.158	378.374	121.801	297.363	19.963	303.473	410.766	215.669	134.201	167.774	107.791	323.55	43.3049	281.485	296.921	247.908	415.954	239.039	321.961	116.998	253.425	98.811	82.0132	218.338	211.785	310.365	248.305	234.382	229.716	137.384	332.908	264.967	190.417	418.487	272.796	96.2025	276.474	287.175	267.424	213.073	85.7733	93.3455	125.098	265.553	407.013	211.759	88.4893	161.905	305.6	255.042	98.632	248.518	276.624	251.374	130.006	150.372	103.29	92.5008	104.505	240.678	244.315	318.4	170.697	337.096	323.898	291.51	262.906	199.488	295.079	261.83	421.759	229.908	249.358	189.496	254.226	408.578	262.514	355.872	350.451	177.047	260.572	196.881	307.867	236.546	147.951	162.539
221.376	351.327	215.186	213.112	76.1048	257.07	371.749	113.393	247.431	217.106	298.948	182.274	100.348	248.659	173.617	163.762	159.413	311.868	77.2986	10.6862	0	205.001	311.505	239.271	214.719	315.785	292.038	228.986	209.472	320.182	423.557	301.005	313.695	236.769	291.035	78.0593	322.569	106.229	105.47	201.026	171.035	123.134	159.068	178.165	359.905	66.1019	205.215	244.886	276.609	343.341	221.24	375.931	410.547	432.233	341.619	268.171	200.201	18.5761	126.651	298.571	71.1884	106.737	208.195	166.113	166.793	387.653	132.43	305.178	27.7448	303.486	420.054	223.371	140.317	177.851	97.607	330.596	34.1394	286.781	300.672	243.322	414.976	248.2	321.348	127.222	264.11	108.499	89.8878	207.798	220.008	321.026	245.872	244.497	235.661	126.854	337.655	271.162	187.849	427.941	276.753	103.55	271.756	286.86	276.69	223.734	95.7592	84.1396	135.569	273.135	406.244	204.759	99.1137	151.385	313.123	265.652	98.4064	250.696	274.137	246.189	125.509	141.581	100.297	83.3078	97.4091	234.695	251.971	328.534	180.458	345.585	330.79	291.082	273.395	206.376	294.648	270.855	430.829	239.795	258.913	186.645	264.495	416.582	261.497	356.228	354.102	166.363	270.852	186.303	311.815	245.461	137.6	163.959
22.1909	536.41	208.398	417.505	203.708	413.713	542.276	257.707	314.778	63.9038	282.657	372.096	200.517	239.279	307.483	102.33	259.252	391.474	266.21	199.122	205.001	0	387.618	283.999	286.495	342.868	318.057	433.925	414.118	366.188	446.22	347.163	480.33	424.439	198.615	250.519	132.102	249.73	290.554	400.446	133.4	328.128	363.884	381.605	345.488	148.484	407.246	348.551	463.552	481.996	409.904	502.418	430.519	475.103	365.907	322.668	403.288	213.105	331.437	443.119	191.381	303.039	413.066	367.684	369.715	421.475	182.346	115.186	179.241	484.929	449.861	49.8543	64.9779	122.633	289.137	427.496	207.447	416.462	448.452	446.506	601.165	106.835	506.612	133.302	221.252	126.16	231.651	348.011	311.38	278.722	442.138	147.319	362.431	307.879	470.536	389.553	385.44	450.754	423.961	105.216	475.17	470.956	129.036	212.431	202.649	224.729	143.642	367.226	591.129	409.346	159.616	330.018	402.715	201.623	133.311	417.354	470.311	450.427	328.82	246.646	300.671	224.174	302.192	439.65	348.182	334.391	108.974	408.599	430.569	475.813	192.146	324.359	479.313	331.401	467.035	278.736	128.354	385.262	277.246	484.271	450.487	533.802	499.79	330.896	173.479	358.971	456.549	314.644	282.807	342.29
385.279	298.234	185.356	341.52	239.616	163.946	258.206	200.458	73.3567	340.388	157.798	247.97	221.509	166.774	475.906	285.305	153.441	6.78135	258.363	303.355	311.505	387.618	0	104.73	104.89	86.2787	94.5238	363.553	374.522	53.5072	136.817	57.824	211.591	252.337	264.927	241.042	414.286	206.465	242.463	409.562	254.468	326.339	346.432	372.999	156.816	294.323	398.304	72.9513	264.871	150.167	251.525	143.518	130.491	126.761	91.6085	67.0358	387.826	327.938	334.679	143.739	380.445	367.49	350.054	379.162	306.758	98.5049	214.902	404.5	305.365	256.397	126.777	359.145	348.151	266.111	372.26	50.6524	345.554	105.185	152.77	340.618	347.01	325.223	280.903	262.177	204.084	280.262	221.622	502.38	91.5837	194.76	293.688	276.12	105.149	405.059	132.753	81.4147	280.31	139.999	144.174	317.898	358.583	258.358	334.35	184.551	223.909	395.1	248.86	44.2793	335.07	373.171	252.13	424.751	26.6999	231.086	379.822	189.123	306.39	355.651	299.937	452.871	281.786	394.296	325.784	367.524	62.2574	120.411	280.225	37.6653	56.3864	262.828	251.652	112.5	264.31	57.0272	130.096	111.078	312.714	285.17	127.917	105.417	266.698	272.396	174.638	450.86	272.214	457.519	149.405	73.9339	440.266	215.987
280.877	347.162	81.1002	333.347	163.175	201.277	323.306	145.086	37.3478	235.661	88.0516	242.451	139.821	69.6215	412.053	181.975	87.8303	109.332	207.715	229.526	239.271	283.999	104.73	0	36.9987	76.519	53.3298	356.133	358.085	86.5708	185.345	66.5556	265.874	268.444	171.382	184.321	312.326	147.38	202.674	381.72	150.601	290.46	319.016	346.392	130.584	206.36	374.78	93.1115	294.178	229.865	261.55	236.598	171.746	200.831	102.412	38.6704	365.173	257.431	298.621	205.174	302.03	318.085	338.474	347.08	288.671	151.388	120.55	301.662	226.123	297.48	183.398	254.431	248.607	161.84	318.346	149.714	272.801	167.312	213.439	342.981	405.239	221.604	323.274	163.477	109.625	184.132	155.185	443.76	63.2638	125.778	306.187	173.825	128.621	351.754	214.235	135.413	273.516	189.826	194.508	222.417	366.74	292.801	232.738	81.2468	143.901	322.706	149.403	96.2913	393.403	355.455	160.63	374.315	123.586	134.809	290.552	220.169	326.557	355.785	268.232	378.85	242.272	321.853	281.557	361.151	84.9289	93.2411	175.887	125.098	154.009	297.968	155.421	101.757	300.48	47.7642	196.54	7.91476	210.398	277.278	43.0551	201.173	289.953	328.914	252.765	396.52	173.84	409.257	215.886	38.847	375.85	202.952
286.235	314.291	99.0885	296.536	139.685	168.73	294.268	112.824	33.3311	244.455	124.681	205.455	118.998	99.1512	385.316	184.528	56.6092	107.513	175.488	205.602	214.719	286.495	104.89	36.9987	0	105.716	86.0993	319.331	321.809	105.502	209.623	86.6114	235.145	232.124	198.743	153.34	329.767	116.293	168.139	346.694	155.29	256.131	283.668	311.072	166.3	190.478	339.214	67.5143	258.902	207.503	224.889	220.049	197.323	218.071	130.317	53.683	329.481	232.301	264.376	177.958	280.871	286.651	301.831	312.493	252.283	173.068	110.088	317.707	204.89	263.775	205.471	262.596	243.862	167.912	288.068	141.021	248.764	142.418	185.688	305.983	373.748	236.857	289.511	157.971	138.483	175.441	126.924	415.453	31.1198	161.787	269.485	192.711	97.4029	321.518	193.139	111.339	236.565	213.917	164.933	213.01	329.79	258.174	251.586	102.167	122.099	298.834	145.072	81.0068	362.021	319.272	147.387	343.458	116.604	161.395	275.945	186.091	290.24	318.798	233.129	355.954	208.15	297.997	248.69	324.317	63.4922	127.683	182.031	134.105	144.088	263.385	181.38	66.4799	266.014	56.3164	216.158	43.1964	228.504	240.357	79.5268	208.897	254.083	297.74	229.131	366.789	197.521	378.033	189.669	31.847	349.151	165.995
336.187	378.315	134.814	394.823	239.693	236.921	342.502	218.492	79.7177	287.669	77.1666	301.316	216.249	104.506	488.429	243.989	161.74	93.0534	281.193	306.044	315.785	342.868	86.2787	76.519	105.716	0	25.6889	417.55	423.05	34.6821	109.916	31.3369	292.388	317.675	190.186	258.765	346.692	221.678	273.215	450.788	212.008	361.148	387.414	414.788	73.2391	281.191	442.394	127.477	336.769	236.133	313.682	228.929	95.7177	132.317	26.0262	55.5597	432.415	333.926	369.443	225.435	378.163	392.292	401.379	417.18	353.446	79.2588	194.455	339.14	302.398	333.125	109.778	306.656	315.751	221.014	393.371	136.135	349.315	185.705	234.456	400.019	430.202	263.936	358.454	233.269	133.897	255.535	230.896	519.761	117.712	110.887	357.907	212.695	167.334	426.823	218.788	156.811	333.553	114.471	221.89	293.61	421.345	332.398	267.572	130.436	220.392	399.204	218.845	111.18	418.225	420.866	234.878	448.984	112.928	160.745	364.222	260.103	374.639	413.968	337.401	455.229	313.402	398.35	354.361	422.186	114.962	34.383	234.162	80.4641	142.134	337.234	180.107	155.05	339.17	60.339	125.2	76.6335	248.051	337.842	65.6407	147.791	335.825	354.612	260.578	471.894	202.28	483.657	232.738	82.5397	452.221	263.937
311.861	375.392	109.735	380.316	215.947	231.451	343.528	197.786	65.5946	263.732	63.3276	287.652	192.096	81.0052	465.116	218.671	140.596	100.991	260.521	282.16	292.038	318.057	94.5238	53.3298	86.0993	25.6889	0	403.11	407.018	51.3334	135.383	37.2225	290.593	307.873	172.38	237.426	326.41	200.408	254.206	432.769	186.675	342.185	369.677	397.083	81.8694	255.991	425.109	119.991	329.54	240.581	302.749	237.808	120.943	157.527	51.3153	43.6518	415.304	310.297	350.415	225.093	353.517	371.182	386.253	398.586	337.387	104.83	169.148	318.139	277.934	328.394	135.467	282.739	290.135	195.916	371.625	145.14	325.362	185.339	233.975	387.406	429.639	241.601	354.014	207.584	113.509	229.892	208.514	497.036	103.203	101.023	347.309	190.666	159.688	405.043	223.575	154.736	319.514	139.953	219.086	267.945	409.777	326.241	246.797	105.754	196.397	375.125	193.158	109.343	417.669	404.622	209.58	427.535	120.019	140.682	338.739	253.345	365.505	400.908	319.208	430.843	294.143	374.268	334.169	407.921	108.26	41.9688	209.201	97.9787	150.755	331.222	160.698	142.098	333.376	52.2641	150.777	52.2524	226.549	323.593	41.0541	169.555	327.374	353.482	264.783	449.844	182.333	462.422	233.635	68.4526	428.923	249.236
449.751	190.998	382.091	22.8036	253.234	211.997	244.363	225.209	338.336	439.949	441.693	116.577	272.556	403.562	245.257	378.368	275.008	359.585	179.03	234.931	228.986	433.925	363.553	356.133	319.331	417.55	403.11	0	32.128	402.079	500.235	389.758	215.834	122.154	481.138	202.75	546.73	228.035	165.887	82.9167	373.736	106.148	72.3804	66.7849	484.785	289.023	63.9352	294.819	138.318	291.406	116.441	333.823	492.803	485.852	437.787	362.187	56.6426	222.814	103.974	254.742	264.985	147.432	21.098	86.7298	71.3244	461.617	312.333	529.693	254.881	170.324	490.273	448.804	369.088	384.53	164.594	348.788	233.033	275.222	249.591	37.5106	238.997	464.064	169.454	335.442	434.731	324.983	234.855	241.767	300.248	475.876	87.1084	446.493	258.499	170.24	298.09	285.623	84.1117	503.512	239.113	330.724	53.8094	152.996	490.818	389.783	267.353	243.426	337.261	320.175	235.077	36.13	300.881	167.103	347.879	447.471	317.537	187.185	99.2838	26.1558	107.62	275.779	138.395	243.366	132.695	5.81389	307.439	445.047	391.827	400.465	344.964	153.108	461.895	262.554	155.248	357.508	491.939	361.505	469.965	79.7141	397.136	445.42	124.372	215.541	285.205	194.385	467.249	176.249	261.469	335.469	228.348	153.878
430.839	221.86	377.254	40.4015	242.255	229.989	273.331	220.907	343.365	424.098	441.685	126.911	263.402	401.028	213.371	364.609	273.938	371.018	168.584	216.409	209.472	414.118	374.522	358.085	321.809	423.05	407.018	32.128	0	409.983	510.438	396.465	240.997	144.055	473.633	193.562	530.573	222.576	160.25	51.713	362.524	87.0543	50.5168	36.6152	488.076	272.115	33.0117	303.834	165.34	313.401	135.682	355.67	502.168	498.852	444.431	367.491	24.6776	201.333	82.8322	274.585	239.382	119.93	27.7924	56.0761	69.6442	471.642	303.682	513.344	236.315	198.092	501.196	431.869	349.698	372.643	136.919	363.729	209.813	291.668	270.166	68.3119	270.982	450.577	199.212	322.534	430.184	310.153	226.791	209.689	305.34	474.464	113.599	436.252	269.529	139.685	318.796	299.041	95.2888	513.903	257.488	312.61	85.7385	180.152	477.953	385.234	258.004	215.924	325.633	330.533	266.895	4.94651	288.388	135.359	360.684	441.155	293.731	206.295	129.254	58.2754	96.2522	245.522	127.196	215.926	112.063	35.3679	316.207	448.96	378.976	411.905	360.314	180.793	454.51	269.131	183.197	363.691	504.064	362.918	457.801	90.1583	397.821	460.928	150.352	245.202	308.997	162.349	458.364	144.193	282.378	340.529	197.377	159.924
361.026	350.157	158.109	379.567	244.846	211.987	311.569	216.07	73.5591	313.552	110.989	285.511	223.126	131.836	490.559	265.37	161.687	60.2442	277.796	310.98	320.182	366.188	53.5072	86.5708	105.502	34.6821	51.3334	402.079	409.983	0	104.949	20.0261	263.693	296.712	222.902	257.14	377.724	220.452	266.512	440.954	233.47	353.555	377.399	404.566	103.309	292.105	431.309	107.54	312.812	203.603	294.127	194.691	93.9353	114.401	39.0194	52.0902	421.077	337.801	361.922	196.07	385.62	389.004	387.012	408.558	340.828	67.6187	206.975	369.465	309.535	306.736	100.003	332.556	334.367	243.585	391.591	102.179	354.194	156.802	205.121	382.083	400.112	292.669	331.68	249.769	164.767	270.683	232.224	520.047	107.989	145.528	337.631	241.869	146.031	424.956	186.164	129.94	318.012	109.092	194.603	308.971	401.951	307.376	298.13	155.076	226.65	404.27	235.578	85.7843	388.157	408.149	246.833	446.213	80.1241	191.909	376.767	236.241	352.548	396.567	328.545	461.263	306.762	403.431	349.289	406.439	94.8177	67.6705	257.23	46.8735	108.275	312.043	211.793	141.037	313.755	50.0902	111.06	89.7614	277.84	322.573	91.4919	118.901	313.189	325.133	228.074	470.523	233.568	480.244	202.4	75.8796	454.43	250.06
437.384	423.426	241.187	478.105	347.714	298.596	374.376	320.99	178.404	387.693	164.923	384.32	324.975	207.521	594.933	350.34	266.143	141.205	382.734	414.087	423.557	446.22	136.817	185.345	209.623	109.916	135.383	500.235	510.438	104.949	0	123.038	337.77	388.572	272.41	362.033	431.58	325.265	370.986	543.641	318.628	457.541	480.17	507.125	110.763	391.043	533.218	206.72	398.614	262.974	388.22	238.192	15.8225	48.3395	84.0697	155.952	522.844	441.429	465.915	271.183	487.357	493.912	486.401	511.975	442.017	38.8295	304.363	426.939	411.397	386.636	15.2741	406.385	423.722	326.496	496.535	163.949	457.387	236.335	279.782	477.385	464.473	358.251	409.843	342.561	227.514	365.143	336.546	624.838	212.591	181.422	429.971	307.274	241.736	529.904	246.408	217.141	416.754	4.59662	276.298	403.091	494.942	390.828	356.193	235.639	328.874	507.423	328.114	180.121	452.891	508.908	344.781	551.141	155.541	251.627	474.114	324.235	441.475	492.454	432.078	563.943	411.16	506.576	453.985	504.258	194.544	111.834	338.941	100.921	169.656	394.968	267.873	243.508	396.078	155.014	32.8225	186.243	339.787	421.549	172.652	100.831	401.729	394.102	285.834	575.462	290.52	585.11	273.335	180.781	558.761	350.992
342.419	346.98	139.52	367.116	225.468	205.795	311.619	198.268	55.8032	295.344	100.154	273.252	203.486	114.995	471.924	246.031	143.105	64.4426	260.402	291.706	301.005	347.163	57.824	66.5556	86.6114	31.3369	37.2225	389.758	396.465	20.0261	123.038	0	261.089	287.588	209.368	239.208	362.171	202.34	250.182	426.023	214.195	337.67	362.494	389.77	104.571	272.161	416.903	97.264	305.884	206.205	284.076	201.341	111.067	134.409	48.0392	32.9285	406.775	318.731	346.019	194.244	366.028	371.705	374.111	393.116	327.036	86.6711	186.952	353.398	289.943	301.858	119.061	314.328	314.57	224.53	373.859	108.458	334.961	154.478	203.254	371.118	399.062	275.753	327.159	229.838	149.779	250.68	213.53	501.85	92.1166	136.939	328.082	225.33	136.894	407.272	188.972	125.474	305.653	127.315	190.554	288.967	391.881	301.309	282.349	136.925	207.092	385.035	215.672	79.8593	387.084	394.464	226.829	428.801	83.9225	176.976	356.768	229.188	344.246	385.302	313.117	441.898	290.473	384.193	332.514	394.267	84.5993	65.3735	238.271	62.7618	114.209	306.119	197.217	127.426	308.022	33.1381	130.803	69.8939	261.579	310.075	74.7078	137.256	305.258	323.384	230.584	452.731	218.545	463.044	201.753	58.3444	435.762	236.745
487.565	86.6652	331.925	200.617	278.722	68.6773	62.1754	223.146	231.588	456.504	349.117	142.401	279.856	333.88	422.083	389.572	229.852	205.304	236.437	311.874	313.695	480.33	211.591	265.874	235.145	292.388	290.593	215.834	240.997	263.693	337.77	261.089	0	98.98	433.801	240.325	554.159	231.375	208.298	290.506	368.348	245.101	241.578	259.423	365.494	340.521	273.154	173.481	78.8743	83.3374	111.432	123.968	335.683	309.011	302.603	248.053	263.179	321.076	251.027	67.8794	380.012	302.293	213.298	274.995	196.686	303.236	304.053	540.072	326.084	53.1475	324.458	472.101	421.392	381.751	315.639	173.904	339.105	106.919	58.8844	180.667	139.562	460.613	72.9052	349.47	373.537	354.192	250.375	432.684	204.325	388.137	128.747	422.543	137.809	339.555	95.9393	135.983	159.015	339.766	71.7902	380.895	185.112	65.3282	479.784	336.185	277.697	376.227	342.329	181.694	127.661	242.365	320.722	349.049	186.77	396.408	410.272	63.901	124.136	196.219	220.156	427.815	225.917	375.711	262.047	217.054	183.674	326.38	394.406	240.059	168.123	67.2048	416.162	171.566	66.6073	238.472	319.401	273.658	456.403	163.802	307.036	258.065	91.4935	63.1591	70.8496	379.098	431.139	371.444	64.459	229.249	393.434	149.824
