0	207.004	146.279	251.11	19.3204	53.9528	117.752	179.026	298.325	101.02	405.071	178.593	305.761	108.597	292.292	466.948	275.968	66.463	265.837	252.211	212.863	286.975	22.9074	174.028	238.173	320.448	360.634	382.014	233.948	436.723	123.186	229.144	345.853	385.857	167.075	381.352	252.667	322.24	142.451	136.001	501.695	32.8259	365.933	108.633	86.6494	150.445	419.17	295.379	417.557	401.846	213.787	274.047	74.297	211.529	165.804	313.652	405.639	347.914	469.277	497.25	464.015	373.546	165.936	185.931	93.6314	392.388	354.611	234.892	364.452	358.795	374.347	81.585	333.416	358.767	199.253	150.696	176.065	221.745	435.764	326.856	321.208	398.119	166.064	74.572	271.116	163.798	426.737	283.339	307.36	416.418	158.94	202.254	378.556	221.936	140.139	302.571	458.397	137.865	375.586	404.329	171.776	404.889	286.107	157.555	288.477	117.457	116.259	241.268	95.8643	176.804	290.194	238.96	314.189	52.5787	96.8097	368.739	409.728	466.177	293.139	196.897	55.9566	270.024	105.982	247.172	307.293	381.516	243.436	460.904	459.125	389.669	347.862	331.9	409.07	438.47	382.76	282.448	204.68	384.83	234.754	109.005	415.926	393.389	308.737	217.413	252.43	138.82	240.293	267.253	109.392	424.482
207.004	0	308.598	346.519	197.517	153.211	89.5941	348.196	347.046	146.687	517.069	321.974	299.495	276.279	302.886	597.654	463.656	250.226	455.327	208.728	338.121	248.353	201.185	75.6561	215.838	442.911	386.666	375.449	255.317	490.581	267.401	241.968	472.441	472.579	307.04	447.095	436.108	440.58	69.079	337.424	653.618	239.725	534.891	202.176	283.682	268.924	492.534	462.252	511.124	572.711	350.038	239.402	194.496	412.666	271.397	266.394	437.213	324.153	631.626	650.849	597.63	486.968	372.938	173.505	160.463	486.92	415.214	159.512	549.163	439.459	467.086	172.678	369.052	426.484	403.094	357.468	268.526	95.3645	573.963	365.421	440.362	369.635	351.76	206.134	379.771	273.257	481.345	403.13	505.899	414.546	226.496	74.2853	517.621	385.334	148.326	384.297	566.595	335.575	386.642	562.965	378.691	407.75	473.424	364.546	461.733	290.877	121.506	446.929	295.323	255.832	327.935	444.902	395.128	259.582	300.147	525.985	521.449	482.205	420.38	321.957	262.553	428.046	133.246	254.902	292.252	420.052	146.79	566.22	500.621	405.88	333.589	374.432	432.783	478.416	467.334	402.073	410.155	565.237	161.72	123.006	530.378	402.891	489.584	236.659	425.096	333.994	428.919	203.058	102.12	548.686
146.279	308.598	0	129.613	165.596	182.387	233.131	39.6565	199.629	162.258	262.014	39.0009	245.562	37.9212	223.614	320.696	158.797	79.9962	152.319	239.041	78.4503	256.44	168.68	246.205	216.318	176.991	265.297	305.111	180.061	316.018	42.8417	184.732	200.812	252.557	36.2623	258.899	129.585	179.947	260.592	182.351	357.907	129.893	228.269	110.388	78.6336	63.0195	289.933	155.652	279.878	265.704	72.0924	245.36	114.823	231.814	77.8534	280.847	300.542	289.617	328.908	353.894	317.739	230.919	155.974	190.291	148.286	255.444	238.043	252.025	241.278	230.451	239.106	136.047	236.426	237.518	211.142	156.104	93.7148	276.836	289.575	229.128	178.701	333.555	57.7959	103.45	137.149	73.2252	306.393	142.66	212.147	331.232	118.792	269.214	232.294	78.8568	174.484	180.324	315.212	78.7371	287.821	261.918	164.587	318.164	167.977	152.62	153.361	30.4752	187.773	230.888	81.9119	107.971	201.724	226.632	190.704	127.783	95.4074	225.483	266.637	364.339	149.341	67.4396	134.677	125.685	175.568	197.818	253.077	275.049	270.222	318.367	343.356	296.35	282.859	230.48	308.428	325.196	250.637	141.902	204.781	256.649	250.405	185.631	272.075	303.929	181.274	174.427	116.584	70.673	126.671	262.24	234.241	278.866
251.11	346.519	129.613	0	268.884	267.265	296.493	133.901	78.4072	213.227	170.733	91.6169	151.111	154.707	126.086	252.446	221.002	193.62	221.444	192.088	53.9452	187.769	273.7	271.898	169.145	100.033	140.608	189.024	115.976	188.397	129.972	128.737	129.625	136.138	94.374	131.697	193.311	95.9167	321.127	311.931	317.432	245.958	229.949	160.264	205.336	100.799	168.061	170.897	170.983	265.241	70.1783	181.504	188.66	358.827	87.191	204.487	171.494	189.251	306.487	316.09	253.285	140.449	282.303	180.229	203.484	145.72	108.65	229.018	274.11	107.717	126.442	199.964	112.561	109.527	337.711	284.497	82.2802	280.37	232.213	105.368	96.0471	223.797	172.172	182.16	35.8818	88.2438	178.564	63.5421	287.299	208.83	121.013	284.68	179.355	125.69	198.621	52.1419	221.432	205.645	166.078	239.262	290.728	195.502	226.053	279.978	183.586	156.266	233.156	351.453	210.573	91.6487	89.6303	346.937	63.4547	249.589	224.454	204.992	175.174	235.377	84.1137	62.1775	257.232	132.996	225.219	129.934	162.652	146	250.729	221.876	214.361	171.313	177.846	104.494	180.332	195.744	132.475	62.5556	329.574	277.103	226.557	235.542	183.917	180.467	219.692	125.945	161.243	197.278	204.451	216.055	305.222	202.737
19.3204	197.517	165.596	268.884	0	45.5154	107.948	198.218	313.958	105.87	424.074	197.711	317.663	127.896	305.232	486.259	293.542	85.7731	283.23	259.823	231.619	295.929	6.24592	171.361	247.173	339.527	375.476	394.869	246.488	453.636	141.821	240.853	365.049	404.027	186.023	398.582	270.771	341.229	130.878	140.842	520.837	46.9951	384.673	122.045	104.44	168.094	436.916	314.344	436.069	420.429	232.88	283.029	87.5695	216.551	182.943	322.435	421.168	359.112	488.149	516.358	483.334	392.527	176.785	193.487	100.797	410.864	371.424	238.992	382.077	376.601	392.702	90.7736	348.606	375.969	205.875	160.559	192.533	220.443	455.083	342.164	340.214	409.537	184.431	89.7097	289.611	181.149	443.642	302.254	322.999	429.9	172.794	199.508	397.876	241.156	146.015	320.093	477.392	154.745	389.59	423.392	182.007	418.598	303.686	168.274	307.173	136.749	117.329	249.411	112.917	192.289	305.015	247.399	331.754	64.827	112.465	387.876	428.732	481.137	312.26	215.528	66.2029	289.266	108.504	258.962	318.547	397.288	245.929	479.836	475.502	404.132	359.774	347.503	424.15	454.664	400.833	301.356	212.639	402.806	239.065	109.666	434.997	407.445	326.868	229.294	271.26	156.204	257.908	273.502	97.19	443.721
53.9528	153.211	182.387	267.265	45.5154	0	63.8126	219.115	301.772	73.4052	430.593	208.574	293.773	144.997	284.313	498.889	324.188	108.229	314.594	227.166	237.654	265.478	50.2549	126.902	217.468	347.683	359.764	372.843	225.375	445.649	149.801	217.613	374.913	403.383	195.096	392.53	299.257	348.189	88.7549	186.31	540.25	86.7748	408.738	108.944	136.338	168.498	433.397	336.804	437.728	445.505	242.615	252.782	78.6665	262.039	180.134	291.379	407.575	333.06	510.752	536.277	496.801	398.979	219.784	161.94	73.8158	412.397	363.571	200.817	412.208	373.878	393.45	70.1473	334.376	369.958	251.094	204.264	186.32	176.623	469.657	328.429	347.395	383.662	212.371	86.3454	292.474	179.461	435.68	308.775	359.199	409.442	157.796	154.873	412.058	260.923	112.862	316.333	483.525	188.594	371.002	444.213	225.482	398.893	334.27	211.37	331.963	157.055	77.6255	294.14	146.854	182.136	289.99	291.992	328.093	106.468	149.524	407.858	435.238	465.124	321.3	220.83	109.347	308.071	71.5566	235.594	293.014	384.805	205.586	485.209	464.976	386.912	335.502	334.814	408.895	443.488	399.575	307.804	257.419	431.349	201.189	69.768	442.356	388.89	354.927	206.753	295.269	188.529	288.57	238.274	56.3779	453.989
117.752	89.5941	233.131	296.493	107.948	63.8126	0	271.831	316.053	83.2833	465.553	253.244	290.193	197.743	286.055	539.812	382.51	166.29	373.455	210.051	276.479	250.983	111.738	81.1027	207.021	385.766	367.199	370.04	229.772	462.357	195.193	218.983	414.346	430.31	238.728	412.775	356.288	384.97	27.4874	248.221	587.786	150.562	461.397	138.061	197.585	205.3	456.207	388.771	466.914	498.776	284.958	239.272	119.25	323.684	212.591	274.662	417.073	324.411	561.466	584.324	538.624	434.318	283.582	152.596	93.5889	441.816	382.048	172.193	469.672	398.783	422.248	100.591	344.692	390.73	313.684	267.948	214.365	130.562	512.867	339.639	384.431	374.056	270.123	130.104	326.044	213.209	452.584	345.936	420.758	408.401	177.173	105.705	455.458	311.799	108.105	341.342	517.404	249.902	373.762	493.725	289.223	399.268	392.484	275.158	385.893	211.382	66.6052	357.352	208.719	205.616	300.613	355.311	352.9	170.28	212.426	456.905	470.121	470.026	360.847	259.599	173.052	357.277	71.8359	235.623	286.6	396.378	170.536	518.191	477.873	391.421	329.889	347.344	415.916	455.805	425.81	344.91	320.583	487.52	173.342	62.1747	478.11	391.291	411.19	210.071	349.006	249.109	347.166	214.854	18.9103	492.815
179.026	348.196	39.6565	133.901	198.218	219.115	271.831	0	210.258	201.912	240.56	48.7594	267.077	74.3944	243.682	291.337	120.292	112.933	114.645	270.942	80.0788	284.583	200.593	285.698	247.592	156.815	274.277	319.517	206.614	311.445	82.0841	213.177	176.928	241.16	57.8288	254.8	90.6174	161.496	299.317	189.408	322.711	158.177	189.885	149.677	100.589	95.9231	280.629	117.694	264.116	227.041	64.9699	274.256	154.163	226.996	107.1	307.752	304.225	310.086	291.669	318.351	287.591	210.615	150.659	226.327	187.933	240.866	238.083	287.723	201.67	223.46	226.462	175.579	245.886	234.883	205.658	155.502	121.68	315.402	258.56	238.611	159.978	351.038	38.7005	142.691	130.75	102.639	302.242	128.279	176.868	342.092	153.175	308.422	202.226	43.0125	213.387	179.84	292.925	77.3823	298.963	225.648	158.811	328.804	129.187	149.442	114.115	62.2378	227.43	217.551	99.0629	137.598	216.343	213.037	188.803	151.938	109.909	189.785	245.066	367.963	129.637	77.0091	157.769	91.201	215.214	224.389	275.892	278.868	306.596	296.899	340.881	305.111	301.646	238.309	313.851	324.372	240.216	127.75	196.51	217.041	285.971	225.255	249.298	313.951	141.622	203.815	77.2442	69.3013	89.8853	294.744	272.184	252.51
298.325	347.046	199.629	78.4072	313.958	301.772	316.053	210.258	0	235.772	191.407	164.604	86.0664	217.168	63.4464	281.622	298.267	250.365	299.243	156.935	130.506	137.195	319.522	271.7	139.073	149.855	65.8395	110.62	91.8362	146.327	188.107	105.527	175.002	131.832	163.373	100.129	271.169	142.158	337.06	379.018	359.195	300.344	294.95	193.723	269.345	153.955	145.849	243.45	171.259	327.481	148.126	135.726	227.263	431.393	136.165	146.002	107.324	116.345	357.824	359.363	285.028	168.141	355.286	173.612	229.986	149.953	68.1864	204.044	345.336	98.4468	131.239	231.625	36.9738	80.3609	410.611	355.682	123.266	265.734	270.547	29.7643	143.26	146.135	247.724	224.254	100.927	139.438	136.599	126.331	364.874	132.077	143.978	276.905	226.561	204.061	208.845	59.7637	232.296	278.006	88.778	294.763	363.851	118.868	302.811	352.199	258.059	222.32	249.484	427.218	276.574	121.669	22.3353	422.769	64.531	307.809	290.787	264.253	194.894	168.936	146.008	134.458	315.742	207.291	245.121	95.5235	99.1059	83.3807	225.032	229.883	163.277	96.829	102.99	33.576	111.762	141.716	125.793	125.675	403.567	345.163	201.403	254.078	205.309	104.375	293.924	110.432	238.505	269.765	282.788	177.309	328.559	231.513
101.02	146.687	162.258	213.227	105.87	73.4052	83.2833	201.912	235.772	0	382.603	175.88	220.934	131.742	212.642	458.212	319.075	113.794	311.358	154.776	195.378	192.36	112.057	86.7905	144.146	303.681	290.498	300.371	154.141	381.623	120.727	145.404	332.582	347.172	160.999	330.821	290.823	302.537	108.243	233.538	509.414	126.064	388.261	56.6953	150.165	124.546	373.723	315.593	383.651	426.06	205.465	179.602	50.8322	307.601	130.155	218.461	339.41	259.735	485.72	506.322	457.365	351.473	251.285	88.8945	14.1064	358.541	300.524	133.884	403.376	315.846	338.986	28.6217	266.35	308.589	293.016	239.31	131.173	127.418	432.276	260.833	302.064	310.325	208.528	62.2553	243.14	131.129	371.76	263.75	365.454	337.455	94.2856	112.946	375.169	238.647	40.3127	258.303	434.275	198.795	300.002	417.269	258.548	327.252	328.655	243.668	315.129	146.766	25.556	331.185	162.629	122.4	221.898	328.24	269.906	144.912	171.175	380.29	387.155	395.133	279.361	178.687	150.963	281.731	13.4769	163.191	219.803	317.613	142.862	434.986	398.714	316.57	262.472	267.955	339.614	376.858	342.738	262.713	295.771	418.854	133.781	24.0322	395.272	317.828	343.504	134.992	278.566	195.624	285.023	167.666	93.3624	410.648
405.071	517.069	262.014	170.733	424.074	430.593	465.553	240.56	191.407	382.603	0	226.655	275.041	297.816	254.376	90.7632	243.729	340.571	252.055	346.254	193.218	328.573	427.942	442.135	326.159	85.0266	203.629	261.831	273.932	141.496	282.789	287.994	64.6682	69.6441	238.064	117.93	232.443	82.8525	490.825	427.391	174.682	391.774	171.723	327.792	338.789	262.466	95.4752	171.601	47.3059	187.687	191.429	326.954	352.546	450.683	253.142	335.654	186.978	294.27	187.13	176.495	95.251	31.6341	379.315	348.115	372.01	48.7364	138.754	390.242	237.373	96.6704	62.4065	366.775	194.806	122.656	429.706	388.86	251.58	447.028	88.1625	192.511	83.8628	302.507	273.532	344.25	139.51	252.872	138.477	122.056	301.341	254.399	291.668	453.534	75.3356	202.846	369.346	137.458	53.3319	315.652	229.397	142.171	386.163	244.305	241.469	380.631	191.727	292.475	403.422	425.34	338.995	262.245	213.701	420.733	128.776	389.37	350.391	130.981	4.65971	228.546	112.674	209.89	395.936	163.427	394.985	282.729	288.154	174.867	411.841	56.4479	173.448	218.366	278.244	183.138	203.105	171.932	75.8179	122.995	416.714	222.999	387.644	405.447	13.9414	231.265	214.62	288.711	202.664	308.186	252.943	367.835	473.023	42.5678
178.593	321.974	39.0009	91.6169	197.711	208.574	253.244	48.7594	164.604	175.88	226.655	0	218.371	71.4065	195.102	290.413	162.604	114.013	158.749	224.831	39.4662	236.577	201.416	254.441	201.189	141.876	229.701	272.524	158.378	277.086	58.8807	165.528	167.501	213.969	14.9409	219.964	132.388	143.943	280.312	220.937	334.555	165.767	213.646	119.799	117.322	55.3683	251.044	141.622	242.184	251.554	35.2285	226.541	134.271	267.603	61.8629	259.375	263.056	261.516	309.842	331.164	288.23	195.227	191.186	184.996	162.694	217.511	199.575	245.301	237.08	191.47	200.78	152.985	200.968	198.68	246.605	192.909	74.9779	278.891	261.189	193.657	142.84	303.105	83.7199	124.078	98.294	57.8158	267.484	105.598	223.047	296.674	110.982	274.8	203.58	67.2022	179.452	141.63	279.984	114.193	253.328	241.417	199.685	283.473	170.52	188.579	144.401	68.3083	200.579	262.813	120.913	91.4628	169.023	258.4	151.865	165.414	134.378	204.448	231.306	326.93	114.55	30.193	172.556	106.121	189.339	176.098	227.133	237.553	265.071	282.713	304.638	260.727	253.352	194.284	271.512	286.704	211.912	104.77	239.082	248.746	243.378	199.899	237.355	268.906	176.894	156.642	110.049	105.849	135.69	248.956	256.86	246.41
305.761	299.495	245.562	151.111	317.663	293.773	290.193	267.077	86.0664	220.934	275.041	218.371	0	251.009	25.0263	365.736	369.792	273.672	369.005	91.7419	193.612	58.3531	323.783	228.405	84.7883	235.265	91.2509	79.934	72.467	199.982	220.135	76.8205	260.975	211.059	211.829	170.384	340.957	227.837	305.911	410.46	444.907	316.76	378.063	197.494	301.042	186.636	215.116	321.937	249.536	411.659	213.202	62.5486	231.501	472.028	169.221	60.613	140.255	44.455	443.83	445.211	369.619	253.414	398.674	137.6	220.306	230.8	140.646	142.434	425.037	179.247	213.344	227.473	83.6598	156.071	452.434	395.352	153.22	208.439	356.177	83.9384	228.864	92.8074	300.768	232.855	181.278	173.691	191.937	208.511	435.019	118.243	149.143	225.49	312.589	271.659	184.476	145.701	312.072	322.895	87.169	380.289	407.309	109.631	375.561	394.061	334.605	260.529	226.11	476.052	310.779	142.231	65.5435	471.876	150.455	328.914	324.699	348.993	278.235	182.965	228.944	191.01	336.789	284.096	226.19	58.7032	13.1394	127.541	160.475	308.679	204.112	106.565	42.1181	93.8828	133.978	182.308	204.675	207.732	448.088	426.969	139.938	232.602	288.801	103.501	370.711	88.3962	310.504	315.28	349.425	105.067	306.001	316.081
108.597	276.279	37.9212	154.707	127.896	144.997	197.743	74.3944	217.168	131.742	297.816	71.4065	251.009	0	231.217	358.375	187.553	42.7954	179.643	230.249	108.675	253.147	131.154	217.834	209.078	212.873	282.852	317.098	181.04	343.074	30.8814	182.848	237.593	284.116	62.1567	286.226	159.839	215.238	225.227	162.31	395.572	94.3886	264.28	86.0569	52.1888	65.1679	320.051	192.011	313.338	301.394	106.502	241.188	81.8623	221.028	83.2874	278.865	321.918	295.463	365.809	391.475	355.521	266.474	148.731	174.455	117.639	288.525	262.936	235.776	273.03	259.874	271.41	104.015	254.094	264.2	201.593	144.379	98.7171	252.684	327.448	246.928	214.097	342.062	76.998	70.198	168.161	79.2547	333.259	177.003	234.677	346.237	109.879	242.46	270.118	115.933	150.27	206.735	351.123	77.1794	303.123	299.239	157.286	333.519	197.239	143.551	188.218	15.1914	157.205	228.325	60.2922	108.822	215.564	224.443	217.767	95.2748	74.4724	262.966	302.46	385.139	185.355	94.4404	102.763	163.309	144.603	198.155	256.831	296.642	252.215	353.984	368.8	313.635	290.672	249.641	328.342	349.644	281.708	176.174	198.099	290.009	234.466	154.116	308.272	320.013	213.855	171.506	151.341	71.2858	153.29	252.007	197.792	316.023
292.292	302.886	223.614	126.086	305.232	284.313	286.055	243.682	63.4464	212.642	254.376	195.102	25.0263	231.217	0	344.816	345.053	256.225	344.406	100.142	169.191	74.5178	311.252	229.663	87.3428	211.301	83.786	89.7222	59.028	189.717	200.369	67.4553	237.501	192.372	189.228	154.496	316.328	204.065	303.605	392.027	422.589	301.194	353.313	183.661	282.046	166.278	200.1	296.913	231.406	387.104	188.705	74.8199	218.087	451.919	148.48	82.7874	134.367	66.414	420.331	422.694	348.36	231.576	377.864	134.528	210.498	211.491	123.494	150.121	400.022	159.733	193.392	216.222	68.9092	138.194	432.054	375.225	132.662	215.009	333.971	67.31	205.033	110.847	278.029	218.367	156.415	152.828	181.024	183.773	410.436	125.171	133.76	229.819	289.207	247.113	178.527	122.394	293.447	301.55	87.7727	356.279	386.51	114.638	350.74	373.518	309.597	240.005	220.517	454.449	291.344	123.137	41.8327	450.219	127.925	312.351	305.399	324.629	257.747	183.982	204.278	167.205	320.285	259.074	219.211	50.4381	37.0635	117.832	169.792	290.489	197.756	105.458	59.5251	77.2752	130.898	175.572	186.095	182.98	427.197	402.055	147.517	226.496	268.234	105.445	345.704	77.6714	285.685	293.795	325.096	117.644	300.947	294.824
466.948	597.654	320.696	252.446	486.259	498.889	539.812	291.337	281.622	458.212	90.7632	290.413	365.736	358.375	344.816	0	255.141	400.676	265.914	435.076	263.346	418.805	489.373	523.773	414.318	154.862	293.191	350.494	361.439	217.76	349.09	375.351	125.645	158.545	303.806	206.02	254.578	157.133	566.039	466.152	89.851	449.027	154.87	401.972	391.9	334.517	174.846	191.743	126.225	151.295	256.343	416.794	422.949	475.628	328.174	426.347	271.826	384.713	118.187	93.6375	9.74751	114.699	411.259	432.457	446.551	137.573	229.031	477.677	216.21	187.339	153.027	439.476	285.467	212.916	455.863	423.933	329.34	532.316	37.0142	283.259	157.306	390.85	317.483	413.507	218.077	327.083	217.395	194.791	298.497	339.87	371.158	537.126	89.1447	249.065	449.328	225.892	72.0068	359.083	318.102	107.101	416.826	330.706	249.486	414.343	208.763	350.143	480.583	442.249	389.554	341.854	303.838	437.886	218.102	443.242	398.958	121.898	87.8183	304.668	178.968	280.25	448.917	201.965	471.131	371.281	378.856	262.636	499.385	79.9492	245.949	305.745	368.615	273.851	287.886	249.868	164.947	195.841	441.095	193.882	475.11	481.763	77.1852	318.51	217.681	375.118	233.2	352.73	275.594	457.145	545.401	50.5094
275.968	463.656	158.797	221.002	293.542	324.188	382.51	120.292	298.267	319.075	243.729	162.604	369.792	187.553	345.053	255.141	0	216.492	11.915	387.169	176.893	396.254	294.045	404.397	363.409	182.856	354.597	408.152	318.016	358.111	201.637	326.544	184.274	276.373	175.175	307.694	30.218	191.534	409.767	224.86	252.349	247.449	108.443	269.1	189.319	215.293	317.197	72.3544	283.302	136.562	157.151	387.031	269.405	221.681	224.358	417.391	371.435	409.819	209.196	246.08	248.009	223.053	164.448	346.107	304.973	266.79	302.453	407.169	88.5416	272.85	260.202	291.561	329.017	293.461	202.74	180.212	237.47	435.546	218.145	322.315	189.618	444.373	112.393	257.738	199.487	220.174	350.716	180.009	66.8592	422.821	272.44	427.894	176.548	98.9735	333.279	250.443	286.217	139.429	382.194	157.768	168.329	409.641	10.1439	169.485	52.1296	172.803	344.603	187.186	180.724	254.036	310.6	182.791	255.067	233.647	183.369	133.376	247.122	431.579	166.584	182.959	236.348	95.0829	332.069	335.321	380.304	348.095	426.413	292.817	390.96	383.23	398.808	318.884	384.361	379.656	278.286	180.227	187.311	110.515	405.335	341.661	246.241	394.209	40.1347	318.38	59.7871	137.352	35.6859	411.403	379.911	234.645
66.463	250.226	79.9962	193.62	85.7731	108.229	166.29	112.933	250.365	113.794	340.571	114.013	273.672	42.7954	256.225	400.676	216.492	0	207.241	238.906	150.385	267.188	88.7005	199.992	220.159	255.651	315.221	344.585	201.552	381.74	63.7977	200.532	280.356	325.443	103.851	325.276	191.087	257.938	193.407	137.584	435.624	52.5353	301.33	85.296	36.5855	96.5812	360.573	230.021	355.435	337.78	149.19	254.6	64.2175	205.02	114.202	293.722	356.821	317.731	404.104	431.284	397.65	309.199	140.548	176.858	100.609	330.503	300.62	235.242	304.199	300.208	313.094	85.3501	286.869	302.974	187.727	131.133	127.701	240.709	369.327	279.89	256.815	366.204	104.299	54.4348	209.652	111.041	371.84	219.542	255.673	376.001	125.439	226.676	312.167	155.698	142.237	245.748	393.886	85.889	333.517	338.538	148.406	363.676	226.523	133.6	224.2	51.0276	137.594	221.529	49.0933	133.629	246.033	218.204	257.054	57.4478	59.2284	302.714	345.217	419.266	228.146	135.366	65.3913	203.701	124.886	217.422	277.803	331.873	248.929	396.702	406.329	345.509	314.813	283.563	362.123	386.571	322.808	218.697	187.717	323.126	234.37	132.753	351.062	350.879	246.7	188.665	187.704	83.8045	181.015	258.401	163.484	358.7
265.837	455.327	152.319	221.444	283.23	314.594	373.455	114.645	299.243	311.358	252.055	158.749	369.005	179.643	344.406	265.914	11.915	207.241	0	383.578	175.543	393.848	283.608	397.064	359.915	188.596	356.771	409.497	315.511	363.7	195.071	323.627	191.594	282.471	170.749	312.447	28.1502	197.087	400.636	212.951	264.212	236.947	120.234	262.282	179.224	210.324	323.451	80.4648	290.739	148.458	155.861	384.358	261.377	210.363	220.175	415.45	375.113	409.605	221.108	257.961	258.911	230.493	152.544	340.949	297.252	273.578	306.064	402.258	99.1566	277.675	266.291	283.621	330.745	297.581	191.257	168.299	233.726	429.13	228.95	323.942	195.171	445.178	103.612	249.714	201.577	215.896	356.108	183.368	66.0375	425.185	267.581	420.916	186.174	97.3828	326.668	253.002	295.487	128.779	384.13	169.395	156.464	411.953	21.3462	157.57	60.4512	164.73	336.843	176.759	170.328	250.171	310.839	172.317	258.114	222.819	172.543	144.335	255.555	435.834	170.993	180.556	225.363	99.3297	324.246	332.957	379.262	351.46	421.231	301.953	396.376	385.769	398.954	320.858	387.742	384.545	284.156	183.52	175.936	121.82	400.475	333.709	255.023	396.539	51.9905	315.155	61.3839	127.05	26.4084	407.696	370.482	244.304
252.211	208.728	239.041	192.088	259.823	227.166	210.051	270.942	156.935	154.776	346.254	224.831	91.7419	230.249	100.142	435.076	387.169	238.906	383.578	0	215.122	41.2097	266.062	140.332	23.9248	290.16	181.88	166.824	76.1137	289.534	202.086	63.7736	318.884	288.764	213.328	253.824	356.996	284.558	221.944	374.716	507.186	271.094	419.272	153.826	272.516	176.208	299.666	354.08	328.182	455.645	234.002	30.7807	182.455	443.925	163.861	64.931	231.668	116.673	498.494	506.382	437.56	320.404	376.742	66.3657	159.107	306.707	222.29	50.7145	456.027	255.36	287.696	170.661	169.036	236.202	426.386	369.328	149.858	116.702	419.916	167.1	285.09	164.876	296.786	188.035	227.644	168.304	280.994	255.592	447.563	205.94	121.082	134.47	369.994	289.264	114.545	209.2	389.075	307.353	178.702	431.331	385.043	199.025	394.729	370.597	362.387	243.382	151.835	457.46	284.144	133.507	134.914	453.761	217.478	287.069	296.637	396.75	350.019	273.621	276.202	205.48	294.349	315.169	155.727	63.8768	83.6212	217.277	69.6672	386.793	295.536	198.234	125.034	176.944	225.72	273.589	282.705	254.617	425.335	463.143	48.2026	159.322	360.192	194.509	397.374	69.522	331.809	301.065	360.231	24.5196	227.467	384.579
212.863	338.121	78.4503	53.9452	231.619	237.654	276.479	80.0788	130.506	195.378	193.218	39.4662	193.612	108.675	169.191	263.346	176.893	150.385	175.543	215.122	0	220.166	235.769	266.849	191.208	110.129	194.201	240.45	142.49	237.631	89.8457	152.314	138.051	175.462	46.5787	180.509	147.601	110.574	302.813	260.263	315.557	202.757	207.057	138.846	156.479	71.179	211.928	139.227	205.111	244.457	19.7422	211.577	160.232	305.125	66.8131	240.642	225.122	234.959	296.129	312.936	262.18	161.584	228.58	186.297	183.377	180.128	160.585	243.085	240.926	152.149	162.773	176.149	165.852	159.298	283.958	231.267	72.7085	284.828	236.901	158.589	109.752	273.349	118.235	151.413	59.5037	64.877	228.042	71.1896	241.497	262.102	115.048	284.266	179.902	78.1646	191.067	102.439	246.38	152.25	219.059	227.246	236.968	248.801	183.277	226.443	147.371	107.258	218.541	297.596	160.35	88.5609	138.126	293.092	112.498	203.687	173.843	190.629	197.873	288.987	84.42	16.9428	210.996	100.471	208.499	159.346	203.73	199.662	264.021	248.496	265.341	225.034	225.2	158.238	234.23	247.631	173.151	70.2365	275.667	248.468	240.895	219.167	204.762	233.905	182.698	145.606	118.609	143.871	155.921	239.639	282.229	216.91
286.975	248.353	256.44	187.769	295.929	265.478	250.983	284.583	137.195	192.36	328.573	236.577	58.3531	253.147	74.5178	418.805	396.254	267.188	393.848	41.2097	220.166	0	302.172	181.331	48.8096	280.918	149.385	127.399	78.355	258.233	223.377	71.7299	308.355	266.851	226.902	227.886	366.43	274.335	263.152	404.459	495.143	303.486	417.708	183.814	298.921	193.72	273.001	356.333	305.804	452.912	239.774	12.9277	214.959	471.334	178.826	26.774	197.589	75.9315	490.528	494.949	422.116	305.013	401.574	103.539	195.256	286.008	197.454	88.908	459.446	234.249	267.853	205.583	141.26	212.447	452.985	395.613	163.375	154.65	406.8	140.78	275.124	123.67	313.978	219.157	221.677	183.447	250.26	249.76	459.09	166.396	143.612	174.108	360.062	297.32	152.64	194.491	367.942	329.225	142.33	424.98	410.049	160.305	403.087	395.955	366.688	265.086	191.509	481.472	309.975	148.473	114.971	477.579	201.08	318.316	323.115	391.872	332.015	235.391	270.564	213.344	325.853	317.552	194.504	60.9343	47.3643	185.829	104.673	364.92	261.253	162.122	85.5353	150.803	190.11	239.701	260.556	248.863	450.734	464.187	86.6494	198.822	342.462	157.119	402.43	82.1866	338.724	322.36	371.927	47.6732	268.226	368.637
22.9074	201.185	168.68	273.7	6.24592	50.2549	111.738	200.593	319.522	112.057	427.942	201.416	323.783	131.154	311.252	489.373	294.045	88.7005	283.608	266.062	235.769	302.172	0	176.66	253.415	343.286	381.217	400.905	252.542	458.832	146.075	246.979	368.586	408.63	189.969	403.654	271.716	345.118	133.993	136.587	523.02	46.7246	386.237	127.948	105.382	172.953	441.757	316.239	440.434	421.799	236.623	289.272	93.4489	212.206	188.021	328.68	426.766	365.283	489.871	518.47	486.344	396.425	174.194	199.728	107.042	415.256	376.651	245.076	382.585	381.409	397.182	96.986	354.274	381.051	201.948	157.673	197.845	225.919	457.968	347.806	344.08	415.698	185.688	95.2781	293.986	186.142	448.841	306.236	322.279	435.864	178.664	204.762	400.853	243.583	152.223	325.035	481.27	154.92	395.477	425.427	179.195	424.531	304.188	165.656	308.705	139.494	123.222	245.858	113.321	197.862	310.752	243.934	336.677	63.3992	112.082	390.065	432.599	486.863	315.949	219.79	64.0428	291.741	114.544	265.084	324.713	402.826	251.872	483.795	480.877	409.946	365.897	353.078	429.847	460.092	405.495	305.346	209.073	403.591	245.164	115.528	438.765	413.325	327.812	235.404	272.974	156.708	258.465	279.703	100.213	447.148
174.028	75.6561	246.205	271.898	171.361	126.902	81.1027	285.698	271.7	86.7905	442.135	254.441	228.405	217.834	229.663	523.773	404.397	199.992	397.064	140.332	266.849	181.331	176.66	0	143.722	369.345	313.345	306.386	180.144	415.916	203.637	167.021	399	396.94	239.563	371.662	375.647	366.643	84.6349	310.026	582.169	204.128	468.078	136.188	236.01	199.818	417.014	395.966	435.527	505.986	280.11	170.986	137.621	385.526	200.101	202.468	363.951	257.003	562.306	579.701	524.044	412.279	334.622	98.0884	100.688	411.383	339.824	95.7296	487.314	363.805	391.551	115.375	294.657	350.936	372.71	321.385	195.683	50.4046	501.042	290.776	366.502	304.794	294.809	148.994	305.7	202.418	406.581	329.787	452.089	345.446	153.124	28.2342	445.247	319.935	75.8047	308.75	491.303	285.423	315.089	493.437	341.46	337.76	413.817	326.695	397.243	232.966	62.41	413.165	248.376	182.118	252.921	410.504	319.533	224.033	256.017	456.559	446.481	411.318	347.626	251.201	228.918	360.296	75.1075	180.697	222.367	345.977	90.5965	490.819	426.978	333.963	264.867	299.625	360.321	404.741	391.683	328.728	377.042	501.566	97.3592	67.7939	455.533	331.828	427.107	161.268	361.2	282.38	370.827	139.984	100.012	474.467
238.173	215.838	216.318	169.145	247.173	217.468	207.021	247.592	139.073	144.146	326.159	201.189	84.7883	209.078	87.3428	414.318	363.409	220.159	359.915	23.9248	191.208	48.8096	253.415	143.722	0	267.835	170.98	163.75	53.474	276.651	180.302	40.4291	296.78	270.564	189.882	237.818	333.251	262.473	221.587	356.951	485.166	255.04	395.609	135.894	252.873	153.348	283.774	330.201	310.015	432.077	210.077	35.8858	166.401	424.928	140.494	75.4887	221.453	117.573	475.632	484.219	416.543	299.626	356.526	55.9059	146.579	287.903	205.966	64.9726	432.107	237	268.63	156.775	155.107	219.203	406.987	349.74	126.253	128.09	398.268	152.347	262.943	167.697	274.11	170.956	204.85	144.979	267.76	232.687	424.059	202.574	99.3149	142.501	347.657	265.404	104.924	188.754	370.18	285.965	171.382	408.249	364.907	194.367	370.923	350.597	338.463	221.832	145.024	436.974	264.254	110.024	117.653	433.198	197.543	270.201	277.062	373.479	330.028	267.605	253.212	181.575	277.665	291.298	147.038	43.7457	79.7832	205.096	86.1166	368.216	285.023	190.351	122.999	161.912	217.004	262.864	264.642	231.7	405.395	439.291	62.3322	152.067	340.076	188.115	373.452	45.603	307.918	279.483	336.705	48.4329	223.53	363.811
320.448	442.911	176.991	100.033	339.527	347.683	385.766	156.815	149.855	303.681	85.0266	141.876	235.265	212.873	211.301	154.862	182.856	255.651	188.596	290.16	110.129	280.918	343.286	369.345	267.835	0	188.607	247.327	214.366	175.256	198.796	227.67	29.7435	94.0514	153.723	126.331	164.428	9.22944	411.727	345.323	217.559	306.754	148.183	247.726	253.996	180.829	135.179	113.24	108.757	178.521	106.663	276.416	270.349	373.902	173.535	293.806	194.049	265.236	209.611	216.425	154.737	54.0835	300.307	279.884	292.282	87.5983	127.254	328.836	205.296	91.6328	77.9008	285.842	168.882	115.27	352.622	308.44	174.491	380.13	132.356	163.783	7.46756	287.269	191.431	261.515	64.4155	172.629	167.934	39.9605	247.279	252.922	216.455	383.571	79.8372	121.734	294.598	90.3321	138.277	233.117	217.068	145.024	307.62	240.478	183.513	300.857	132.472	207.455	325.804	353.131	254.547	187.25	169.738	348.472	88.5899	304.429	266.25	114.783	89.6547	251.07	27.6685	127.043	311.052	90.5122	316.502	226.752	248.074	173.069	350.572	141.389	208.149	213.086	250.824	157.021	208.432	197.56	95.5629	41.0054	340.677	200.396	326.352	327.113	95.4798	225.354	164.035	225.661	131.191	225.389	183.091	313.605	392.092	107.051
360.634	386.666	265.297	140.608	375.476	359.764	367.199	274.277	65.8395	290.498	203.629	229.701	91.2509	282.852	83.786	293.191	354.597	315.221	356.771	181.88	194.201	149.385	381.217	313.345	170.98	188.607	0	59.5337	137.434	108.89	253.533	148.561	207.712	134.647	229.035	87.945	329.051	179.677	385.887	444.821	378.142	364.454	336.753	253.833	335.04	219.166	128.847	294.143	169.708	365.809	210.731	153.643	288.06	496.95	201.194	146.127	50.6059	93.861	385.282	379.624	298.538	188.883	420.723	217.342	286.509	155.644	65.7208	232.49	392.656	108.549	141.744	290.026	28.8887	81.4688	476.097	421.393	187.603	298.031	290.304	36.1732	181.236	100.305	312.221	286.122	155.201	204.651	101.159	175.972	421.454	68.6176	203.137	313.476	256.202	264.315	259.116	104.45	232.244	343.493	28.4793	327.909	429.264	55.304	358.15	417.773	310.66	288.155	300.943	491.725	342.378	184.091	70.4654	487.237	101.68	372.65	356.596	301.834	205.937	105.69	192.97	199.508	380.605	260.774	298.383	133.058	102.188	36.7513	251.258	227.665	114.05	31.0565	77.5407	36.2738	49.1541	91.924	128.254	175.581	468.783	388.967	229.931	306.42	216.505	40.0114	345.646	157.128	295.423	335.22	342.334	196.315	381.27	246.156
382.014	375.449	305.111	189.024	394.869	372.843	370.04	319.517	110.62	300.371	261.831	272.524	79.934	317.098	89.7222	350.494	408.152	344.585	409.497	166.824	240.45	127.399	400.905	306.386	163.75	247.327	59.5337	0	148.412	151.049	286.547	155.236	267.117	192.346	269.326	144.477	381.485	238.51	385.323	479.052	436.512	390.537	395.499	273.382	368.734	251.955	180.908	350.414	225.41	425.049	258.511	136.077	307.801	536.204	233.811	114.059	85.9607	53.5911	444.651	438.202	356.224	248.2	460.956	217.477	299.137	213.389	125.071	216.232	450.274	167.791	200.496	305.495	79.8477	140.589	515.86	459.738	218.578	282.048	349.088	86.1457	240.019	40.8582	356.21	308.046	209.122	237.874	145.771	232	474.909	39.1171	223.398	301.163	315.735	314.676	264.353	160.589	287.064	383.833	32.4381	387.424	469.589	33.7218	412.327	457.211	366.173	324.581	306.034	535.156	377.386	210.966	103.562	530.782	159.377	401.189	391.569	361.063	263.909	108.763	249.991	242.791	409.146	315.728	305.959	137.26	84.1061	88.1408	231.775	281.85	143.95	47.0647	41.8828	91.0333	72.9656	124.836	186.067	231.513	509.89	447.433	213.925	312.494	274.39	36.2497	401.624	166.267	348.501	375.782	393.384	174.374	385.925	304.399
233.948	255.317	180.061	115.976	246.488	225.375	229.772	206.614	91.8362	154.141	273.932	158.378	72.467	181.04	59.028	361.439	318.016	201.552	315.511	76.1137	142.49	78.355	252.542	180.144	53.474	214.366	137.434	148.412	0	236.042	150.379	14.1346	243.311	220.858	149.152	191.965	288.139	209.008	248.861	338.714	431.699	244.308	343.943	125.404	229.925	118.37	237.634	280.166	260.171	380.04	161.953	69.1254	159.655	401.779	102.225	101.194	187.374	116.206	422.395	430.745	363.484	246.815	329.611	82.1457	151.564	237.279	160.018	116.342	382.864	187.27	217.736	157.208	115.644	171.852	382.579	325.271	86.3615	174.953	344.894	111.196	209.472	165.274	237.101	160.569	151.549	106.848	226.608	179.48	380.737	184.192	76.6824	185.166	294.192	219.137	121.682	136.517	319.212	255.167	145.876	355.228	338.201	173.519	324.954	324.58	289.626	191.638	163.527	408.29	240.084	72.8279	72.8355	404.243	145.877	256.493	253.819	320.74	277.899	241.167	200.089	135.062	264.358	241.248	161.319	17.8142	76.3336	167.389	137.999	317.648	248.917	162.527	114.295	119.725	186.264	226.729	215.17	178.504	379.033	388.807	113.755	169.103	287.809	163.721	325.139	19.7183	260.811	247.908	293.591	100.142	243.905	310.953
436.723	490.581	316.018	188.397	453.636	445.649	462.357	311.445	146.327	381.623	141.496	277.086	199.982	343.074	189.717	217.76	358.111	381.74	363.7	289.534	237.631	258.233	458.832	415.916	276.651	175.256	108.89	151.049	236.042	0	317.955	248.912	178.785	82.9709	282.059	57.1217	338.856	166.631	483.332	497.727	307.47	433.853	307.475	336.769	393.262	286.851	46.116	287.864	95.0211	327.672	247.635	262.095	369.056	537.933	270.93	254.375	65.1279	198.646	327.055	310.754	225.352	144.312	461.937	318.143	375.199	97.9108	82.2789	339.802	371.262	88.5507	98.7968	375.707	121.677	78.8747	516.528	466.76	261.245	404.642	227.003	125.168	168.547	187.137	349.805	364.556	180.865	273.08	9.99694	186.577	422.185	128.958	288.557	418.583	213.099	286.988	355.126	136.345	147.486	387.921	122.362	283.123	469.952	122.972	358.639	460.887	307.459	344.006	395.802	522.821	397.814	263.586	163.24	518.169	125.476	437.969	411.423	267.505	141.458	87.5571	194.041	249.447	445.625	264.825	391.27	235.745	211.077	72.4596	359.165	140.686	33.341	104.253	182.856	116.328	78.7993	32.2179	80.1555	186.818	506.32	360.225	337.205	400.334	150.147	114.963	337.538	255.382	305.006	379.599	356.613	304.948	474.669	180.25
123.186	267.401	42.8417	129.972	141.821	149.801	195.193	82.0841	188.107	120.727	282.789	58.8807	220.135	30.8814	200.369	349.09	201.637	63.7977	195.071	202.086	89.8457	223.377	146.075	203.637	180.302	198.796	253.533	286.547	150.379	317.955	0	152.607	225.427	263.094	45.3402	261.552	172.394	199.97	222.445	192.562	392.791	115.992	267.778	67.6078	82.2207	34.6669	297.419	195.048	294.38	305.508	92.8939	211.606	75.9475	251.895	52.852	248.852	293.834	264.59	366.508	389.223	347.028	251.178	179.237	149.463	106.961	269.229	236.842	211.228	283.68	236.998	251.297	95.7903	224.905	239.215	232.399	175.231	68.004	234.059	320.067	217.808	199.038	311.209	97.2089	65.3943	147.961	49.0412	308.051	160.764	254.056	316.156	81.0436	226.412	262.459	117.993	131.65	182.06	336.04	105.887	273.174	298.572	187.823	303.53	210.814	174.234	194.445	41.7114	146.088	258.326	91.011	77.9784	185.527	254.366	193.426	120.625	105.126	261.724	287.448	356.676	171.979	73.7178	128.45	162.222	134.156	167.606	226.028	268.734	228.805	338.282	342.588	284.161	259.808	220.968	299.674	322.932	260.201	159.842	228.655	298.383	209.731	144.448	294.048	290.215	223.509	141.426	157.989	99.2146	169.288	224.471	198.191	304.487
229.144	241.968	184.732	128.737	240.853	217.613	218.983	213.177	105.527	145.404	287.994	165.528	76.8205	182.848	67.4553	375.351	326.544	200.532	323.627	63.7736	152.314	71.7299	246.979	167.021	40.4291	227.67	148.561	155.236	14.1346	248.912	152.607	0	256.744	234.951	155.4	205.63	296.521	222.471	237.326	338.076	445.126	241.271	355.535	121.292	230.36	122.126	251.375	290.819	274.277	391.873	171.517	61.0784	154.977	402.701	107.099	96.4042	198.854	118.935	435.22	444.092	377.328	260.763	331.571	69.347	143.907	251.411	173.659	102.348	393.157	201.357	231.87	150.686	127.941	185.698	383.855	326.461	91.7132	160.871	358.519	123.824	222.897	168.982	242.248	156.881	164.478	111.719	239.561	192.278	388.472	192.053	75.1153	171.378	307.458	227.932	111.176	150.603	333.346	258.205	155.182	367.821	340.112	181.908	333.732	326.249	299.68	194.227	153.165	410.932	240.939	76.7613	85.9675	406.967	160.003	254.327	254.438	333.08	291.972	251.152	212.789	143.774	262.11	251.887	151.762	18.1232	78.357	179.556	124.038	331.781	260.961	172.498	118.924	132.605	197.016	238.737	229.247	191.289	380.905	399.733	99.7715	159.066	301.863	172.893	334.964	11.9324	270.034	251.185	301.161	88.1402	233.616	324.878
345.853	472.441	200.812	129.625	365.049	374.913	414.346	176.928	175.002	332.582	64.6682	167.501	260.975	237.593	237.501	125.645	184.274	280.356	191.594	318.884	138.051	308.355	368.586	399	296.78	29.7435	207.712	267.117	243.311	178.785	225.427	256.744	0	95.8353	180.118	136.319	170.129	34.3256	440.476	362.843	188.39	330.656	131.837	276.41	276.206	209.128	135.086	112.09	99.1491	158.355	132.609	304.309	298.135	386.456	202.53	320.251	206.798	288.808	182.861	187.499	125.202	38.9391	314.713	309.601	320.989	83.2132	143.583	358.19	193.391	103.493	80.305	314.164	190.536	129.711	365.406	324.192	203.945	409.837	102.638	186.063	33.8475	307.616	209.098	289.009	94.1218	201.455	172.719	69.3125	245.572	269.16	246.04	413.312	51.7459	138.347	324.152	115.276	116.068	251.281	235.896	120.825	321.612	257.24	183.287	315.977	132.266	231.084	354.953	362.304	275.798	216.887	195.707	357.673	111.536	327.174	286.833	94.5599	68.961	259.869	53.688	154.99	333.516	99.2164	345.488	255.274	273.933	188.021	379.935	120.371	212.124	229.873	273.904	178.477	222.001	204.42	99.1878	70.3686	352.619	184.931	355.693	356.119	72.4107	242.507	159.646	255.007	139.095	243.909	190.164	342.138	420.279	79.0787
